Rec	Don	Tc	[D]	P+	[P+]	P-	[P-]	N	logN	[n]	log[n]	[Tc] teor	[T]real		Tc/Don	log T/D	a=T/P+P-	1+aNTh	1-ap/1+apth	aDR/1-aR	R/D	1/P-		R/D	D/N	Gamma
1,01E+10	1,50E+08	5,10E+08	7,08E-02	687000000,00	2,75E-01	9,59E+09	3,84E+00	1,03E+10	10,01	4,11E+00	0,613926348	-7,08E-02	2,04E-01		2,8814	0,46	1,94E-01	1,00000	-27235599999,0000		57,06214689	1,04E-10		57,06214689	1,73E-02	3304,45
	2,04E+08																									
8,80E+09	2,50E+08	3,20E+08	1,00E-01	570000000,00	2,28E-01	1,06E+10	4,23E+00	1,12E+10	10,05	4,46E+00	0,649334859	-1,00E-01	1,28E-01		1,2800	0,11	1,33E-01	1,00000	-30047199999,0000		43,6	9,45E-11		43,6	2,76E-02	1578,32
1,30E+10																										
1,10E+10	3,60E+08	8,80E+08	1,44E-01	1240000000,00	4,96E-01	2,85E+10	1,14E+01	2,98E+10	10,47	1,19E+01	1,075692918	-1,44E-01	3,52E-01		2,4444	0,39	6,22E-02	1,00000	-80996799999,0000		81,66666667	3,51E-11		81,66666667	3,17E-02	2577,04
4,78E+10																										
1,45E+10	1,70E+08	3,40E+08	8,76E-02	713000000,00	2,85E-01	1,08E+10	4,30E+00	1,15E+10	10,06	4,59E+00	0,661585544	-8,76E-02	1,98E-01		2,2557	0,35	1,61E-01	1,00000	-30547039999,0000		51,36986301	9,30E-11		51,36986301	1,49E-02	3441,08
8,00E+09	2,68E+08	6,48E+08																								
7,10E+09	5,40E+07	1,69E+08	2,16E-02	223000000,00	8,92E-02	6,93E+09	2,77E+00	7,15E+09	9,85	2,86E+00	0,456608927	-2,16E-02	6,76E-02		3,1296	0,50	2,73E-01	1,00000	-19684039999,0000		131,4814815	1,44E-10		131,4814815	7,55E-03	17418,86
																										
2,30E+09	9,60E+07	5,82E+08	3,84E-02	678000000,00	2,71E-01	2,03E+09	8,11E-01	2,71E+09	9,43	1,08E+00	0,034387784	-3,84E-02	2,33E-01		6,0625	0,78	1,06E+00	1,00000	-5759519999,0000		27,1875	4,93E-10		27,1875	4,01E-02	678,55
2,92E+09																										
1,03E+09	1,45E+07	6,70E+07	5,80E-03	81500000,00	3,26E-02	9,63E+08	3,85E-01	1,04E+09	9,02	4,18E-01	-0,379031564	-5,80E-03	2,68E-02		4,6207	0,66	2,13E+00	1,00000	-2734919999,0000		71,03448276	1,04E-09		71,03448276	1,39E-02	5116,93
																										
1,13E+09	1,38E+07	5,62E+07	5,52E-03	70000000,00	2,80E-02	1,07E+09	4,30E-01	1,14E+09	9,06	4,58E-01	-0,339589916	-5,52E-03	2,25E-02		4,0725	0,61	1,87E+00	1,00000	-3049591999,0000		81,88405797	9,31E-10		81,88405797	1,21E-02	6786,88
																										
9,10E+07	1,21E+06	7,40E+05	4,84E-04	1950000,00	7,80E-04	9,03E+07	3,61E-02	9,22E+07	7,96	3,69E-02	-1,433161987	-4,84E-04	2,96E-04		0,6116	-0,21	1,05E+01	1,00000	-256338399,0000		75,20661157	1,11E-08		75,20661157	1,31E-02	5731,24
						0,00																				
2,14E+08	1,69E+06	2,14E+06	6,76E-04	3830000,00	1,53E-03	2,12E+08	8,47E-02	2,16E+08	8,33	8,63E-02	-1,064109998	-6,76E-04	8,56E-04		1,2663	0,10	6,59E+00	1,00000	-601682399,0000		126,6272189	4,72E-09		126,6272189	7,84E-03	16161,08
																										
1,11E+09	2,82E+07	4,91E+07	1,13E-02	77300000,00	3,09E-02	1,06E+09	4,24E-01	1,14E+09	9,06	4,55E-01	-0,341721427	-1,13E-02	1,96E-02		1,7411	0,24	1,50E+00	1,00000	-3012955999,0000		39,36170213	9,43E-10		39,36170213	2,48E-02	1588,71
																										
1,86E+06	1,92E+04	1,70E+03	7,68E-06	20670,00	8,27E-06	1,86E+06	7,43E-04	1,88E+06	6,27	7,52E-04	-3,123967005	-7,68E-06	5,88E-07		0,0766	-1,12	9,57E+01	1,00000	-5278224,2000		96,875	5,38E-07		96,875	1,02E-02	9481,64
		1,24E+03																								
1,65E+07	5,90E+05	5,70E+04	1,90E-04	562500,00	2,25E-04	1,64E+07	6,56E-03	1,70E+07	7,23	6,79E-03	-2,168155811	-1,90E-04	3,54E-05		0,1867	-0,73	2,40E+01	1,00000	-46608659,0000		34,81012658	6,09E-08		34,81012658	2,77E-02	1255,07
	3,58E+05	1,20E+05																								
6,40E+09	9,00E+07	3,13E+08	3,60E-02	403000000,00	1,61E-01	4,01E+09	1,60E+00	4,41E+09	9,64	1,76E+00	0,246498581	-3,60E-02	1,25E-01		3,4778	0,54	4,85E-01	1,00000	-11379879999,0000		48	2,50E-10		48	1,39E-02	3461,33
2,24E+09																										
2,40E+08	7,96E+06	1,68E+07	3,18E-03	24760000,00	9,90E-03	2,12E+08	8,49E-02	2,37E+08	8,37	9,48E-02	-1,023264967	-3,18E-03	6,72E-03		2,1106	0,32	7,99E+00	1,00000	-602647999,0000		28,76884422	4,71E-09		28,76884422	3,21E-02	896,17
2,18E+08																										
1,40E+07	7,60E+05	1,07E+05	3,04E-04	867000,00	3,47E-04	1,47E+07	5,88E-03	1,56E+07	7,19	6,22E-03	-2,205930416	-3,04E-04	4,28E-05		0,1408	-0,85	2,10E+01	1,00000	-41728119,0000		19,47368421	6,81E-08		19,47368421	5,15E-02	378,20
1,56E+07																										
1,80E+06	3,10E+04	3,10E+03	1,31E-05	35900,00	1,44E-05	1,83E+06	7,31E-04	1,86E+06	6,27	7,45E-04	-3,127773779	-1,31E-05	1,24E-06		0,0945	-1,02	1,18E+02	1,00000	-5188395,0000		55,79268293	5,47E-07		55,79268293	1,79E-02	3114,52
1,86E+06	3,46E+04																									
6,70E+04	2,40E+03	2,20E+01	9,52E-07	2398,00	9,59E-07	6,70E+04	2,68E-05	6,94E+04	4,84	2,78E-05	-4,556705713	-9,52E-07	7,20E-09		0,0076	-2,12	2,80E+02	1,00000	-190227,8800		28,1512605	1,49E-05		28,1512605	3,43E-02	820,88
	2360	14																								
2,93E+08	7,10E+06	1,39E+07	2,84E-03	21000000,00	8,40E-03	2,79E+08	1,12E-01	3,00E+08	8,48	1,20E-01	-0,920674013	-2,84E-03	5,56E-03		1,9577	0,29	5,93E+00	1,00000	-792643999,0000		41,26760563	3,58E-09		41,26760563	2,37E-02	1744,28
																										
1,11E+08	3,90E+06	2,10E+07	1,56E-03	19900000,00	7,96E-03	9,50E+07	3,80E-02	1,15E+08	8,06	4,60E-02	-1,33761998	-1,56E-03	6,40E-03		4,1026	0,61	2,12E+01	1,00000	-269799999,0000		28,46153846	1,05E-08		28,46153846	3,39E-02	838,52
		1,10E+07																								
2,54E+07	6,90E+05	5,00E+05	2,76E-04	1190000,00	4,76E-04	2,49E+07	9,96E-03	2,61E+07	7,42	1,04E-02	-1,98146593	-2,76E-04	2,00E-04		0,7246	-0,14	4,22E+01	1,00000	-70715999,0000		36,8115942	4,02E-08		36,8115942	2,64E-02	1391,91
																										
4,51E+06	1,50E+05	2,00E+04	5,92E-05	168000,00	6,72E-05	4,49E+06	1,80E-03	4,66E+06	6,67	1,86E-03	-2,729740524	-5,92E-05	8,00E-06		0,1351	-0,87	6,63E+01	1,00000	-12751599,0000		30,47297297	2,23E-07		30,47297297	3,18E-02	959,49
	1,46E+05																									
1,50E+09	5,80E+07	2,21E+08	2,32E-02	279000000,00	1,12E-01	1,47E+09	5,88E-01	1,75E+09	9,24	6,99E-01	-0,15539858	-2,32E-02	8,84E-02		3,8103	0,58	1,35E+00	1,00000	-4171959999,0000		29,13793103	6,81E-10		29,13793103	3,72E-02	782,71
1,88E+09																										
5,40E+08	7,50E+06	1,41E+07	3,00E-03	21600000,00	8,64E-03	3,71E+08	1,49E-01	3,93E+08	8,59	1,57E-01	-0,803547458	-3,00E-03	5,64E-03		1,8800	0,27	4,39E+00	1,00000	-1054775999,0000		51,4	2,69E-09		51,4	1,37E-02	3752,20
2,31E+08																										
6,10E+07	1,12E+06	5,90E+05	4,48E-04	1710000,00	6,84E-04	6,04E+07	2,42E-02	6,21E+07	7,79	2,48E-02	-1,604708562	-4,48E-04	2,36E-04		0,5268	-0,28	1,43E+01	1,00000	-171564399,0000		54,46428571	1,66E-08		54,46428571	1,80E-02	3020,82
																										
4,10E+06	8,60E+04	2,60E+04	3,44E-05	118300,00	4,73E-05	4,17E+06	1,67E-03	4,29E+06	6,63	1,72E-03	-2,765381494	-3,44E-05	1,29E-05		0,3756	-0,43	1,64E+02	1,00000	-11850467,0000		48,89534884	2,40E-07		48,89534884	2,05E-02	2379,95
4,31E+06		3,86E+04																								
6,70E+05	2,60E+04	8,80E+02	8,56E-06	22280,00	8,91E-06	6,69E+05	2,68E-04	6,91E+05	5,84	2,77E-04	-3,558210633	-8,56E-06	3,52E-07		0,0411	-1,39	1,48E+02	1,00000	-1900299,8000		31,30841121	1,49E-06		31,30841121	3,07E-02	1018,25
	1,68E+04																									
5,80E+04	1,35E+03	1,30E+01	5,90E-07	1486,50	5,95E-07	5,80E+04	2,32E-05	5,95E+04	4,77	2,38E-05	-4,623605558	-5,90E-07	4,60E-09		0,0078	-2,11	3,34E+02	1,00000	-164686,3400		39,3220339	1,72E-05		39,3220339	2,49E-02	1582,21
	1,60E+03	1,00E+01																								
