Time	pKM101 1:100						pKM101 1:10.000						R388 1:100									R388 1:10.000									
0	0,008	0,002	0,003				0,006	0,002	0,003				0,004	0,002	0,001							0,002	0,001	0,004							
30	1,694	0,770	0,215	0,917	1,605	2,768	4,099	1,198	0,995	1,011	3,256		0,225	0,286	0,478	1,011	1,660	0,447	0,627			0,419	0,517	0,484	0,620	1,066	1,847	0,693	0,783		
60	13,945	3,369	2,439	5,754	4,551	12,436	17,439	2,578	2,453	5,981	8,678		2,005	2,025	1,603	3,174	1,528	6,761				1,442	0,416	0,399	1,903	1,936	5,167				
90	11,644	16,185	19,558	18,852			25,470	1,092	41,538	103,043			5,455	6,990	1,364	5,159	10,662	5,345				6,822	1,053	1,682	1,673	2,888					
120	41,635	58,788	30,210	67,681			51,477	37,452	7,390	6,229	194,194	206,667	15,231	14,064	1,307	14,130	8,222	21,156	45,102	11,772		8,071	1,772	2,364	9,831	4,573	56,495	16,078			
150	39,659	95,313	28,817				124,138	81,731	50,693	22,815			31,204	7,028	24,767	51,250	51,776	20,674				40,862	31,397	43,171	9,188	92,553	58,290	117,411			
180	54,419	86,339	41,855	46,591	46,591		134,426	112,000	73,434	69,880			82,394	56,622	29,323	85,902	69,765	86,957	50,504			36,667	58,783	18,099	7,048	178,000	137,458	126,820			
																															
																															
																															
																															
																															
																															
																															
																															
																															
																															
																															
																															
																															
																															
																															
																															
																															
																															
																															
																															
																															
																															
																															
																															
																															
																															
																															
																															
																															
																															
