Temperature (ºC)	pKM101						R388																								
31	0,8063	0,1957	0,0571	0,4828			0,0037	0,0339	0,0252	0,1765																					
33	2,5000	0,5667	0,1068	0,3500			0,0292	0,0288	0,0356	0,0857																					
35	1,0337	2,7273	1,1389	1,0811			0,2346	0,3415	1,6000	1,3333																					
37	1,1564	13,9450	3,3692	2,4388	5,7538	4,5509	2,0055	0,1379	2,0252	1,6028	3,1739	1,5278	6,7607																		
39	2,5926	5,8586	1,0333	1,7941			0,1566	0,1287	0,6118	0,5217																					
41	1,2917	3,1250	2,3656	0,1892			0,1421	0,4375	1,4483	1,3333	0,6429																				
43	0,9783	0,1586	4,3333	0,1156			0,6000	0,7667	0,8300	2,5352	3,4615																				
																															
																															
																															
																															
																															
																															
																															
																															
																															
																															
																															
																															
