Rec	Don	Tc	[D]	P+	[P+]	P-	[P-]	N	logN	[n]	log[n]	Tc teor	Tc/Don	log T/D	[T]real		a=T/P+P-	1+aNTh	lna=lnT/D-lnR	a=exp(anterior)	1-ap/1+apth		aDR/1-aR	R:D			R/D	1/P-		R/D
1,05E+09	3,10E+08	8,90E+08	1,24E+00	1,20E+10	4,80E+00	1,60E+09	6,40E-01	1,36E+10	10,13	5,440000	0,7355989	-1,47E+00	2,870968	0,46	3,56E+00			338,45317	0,65185	4,48589	-5,2899			3,39E+00			3,387096774	6,25E-10		3,387096774
																														
1,10E+09	2,90E+07	1,30E+08	1,16E-01	1,59E+09	6,36E-01	1,03E+10	4,10E+00	1,18E+10	10,07	4,736000	0,675411694	-1,37E-01	4,482759	0,65	5,20E-01		1,99E-01	294,78276	0,03876	1,09336	-5,4230		-2,90E+08	3,98E+01			39,82758621	9,76E-11		39,82758621
1,21E+09																														
9,00E+07			0,00E+00	3,30E+08	1,32E-01	2,15E+08	8,60E-02	5,45E+08	8,74	0,217920	-0,66170291	0,00E+00	15,656566	1,19	1,24E-01		1,09E+01	14,51798	2,26020	182,05309	-4,4304		0,00E+00	2,65E+01			26,51515152	4,65E-09		26,51515152
1,50E+07	1,98E+06	3,10E+07																												
1,10E+07	2,20E+06	5,20E+06	8,80E-03	6,77E+07	2,71E-02	5,80E+07	2,32E-02	1,26E+08	8,10	0,050260	-1,298777516	-1,19E-02	3,322684	0,52	2,08E-02			4,11772	2,15600	143,21913	-2,8046			7,03E+00			7,028753994	1,72E-08		7,028753994
	9,30E+05																													
5,00E+05	1,10E+05	8,00E+04	4,40E-04	1,90E+06	7,60E-04	4,20E+06	1,68E-03	6,10E+06	6,79	0,002440	-2,612610174	6,84E-04	0,727273	-0,14	3,20E-04	2,14	2,51E+02	1,15136	2,63639	432,90043	0,3914			4,55E+00			4,545454545	2,38E-07		4,545454545
																														
3,20E+05	4,60E+04	1,80E+04	1,84E-04	6,40E+05	2,56E-04	3,02E+06	1,21E-03	3,66E+06	6,56	0,001464	-2,834458923	1,50E-04	0,391304	-0,41	7,20E-05	2,09	2,33E+02	1,09081	2,51045	323,92744	0,5505			6,96E+00			6,956521739	3,31E-07		6,956521739
																														
4,80E+04	8,00E+03	4,00E+02	3,20E-05	8,40E+04	3,36E-05	4,76E+05	1,90E-04	5,60E+05	5,75	0,000224	-3,649751982	2,60E-06	0,050000	-1,30	1,60E-06	1,63	2,50E+02	1,01390	2,41930	262,60504	0,9247		-8,00E+04	6,00E+00			6	2,10E-06		6
																														
1,20E+04	2,40E+03	2,00E+01	9,60E-06	2,42E+04	9,68E-06	1,20E+05	4,79E-05	1,44E+05	5,16	0,000058	-4,239577517	1,87E-07	0,008333	-2,08	8,00E-08	2,34	1,72E+02	1,00357	2,24030	173,90095	0,9809		-2,40E+04	5,00E+00			5	8,35E-06		5
																														
8,00E+04		1,10E+03	0,00E+00	1,25E+05	5,00E-05	7,89E+05	3,16E-04	9,14E+05	5,96	0,000366	-3,436993813	0,00E+00	0,096491	-1,02	4,40E-06	0,00	2,79E+02	1,02268	2,48535	305,73900	0,8762		0,00E+00	7,02E+00			7,01754386			7,01754386
	11400																													
1,71E+10			2,68E-01	1,49E+09	5,96E-01	1,63E+10	6,51E+00	1,78E+10	10,25	7,108000	0,851747419	-3,17E-01	1,223881	0,09	3,28E+00			441,92226	-0,72598	0,18794	-5,4324			2,55E+01			25,52238806	6,14E-11		25,52238806
	670000000	820000000																												
7,10E+09	2,30E+08	5,50E+08	7,28E-02	7,32E+08	2,93E-01	6,55E+09	2,62E+00	7,28E+09	9,86	2,912800	0,464310666	-8,63E-02	3,021978	0,48	2,20E+00			181,68632	0,06199	1,15343	-5,4089			3,90E+01			39,01098901	1,53E-10		39,01098901
	1,34E+08																													
3,10E+09	1,28E+08	1,49E+09	5,12E-02	1,62E+09	6,47E-01	1,39E+09	5,56E-01	3,01E+09	9,48	1,203200	0,080337823	-6,09E-02	11,640625	1,07	5,96E+00			75,63670	1,32090	20,93638	-5,2666			2,25E+01			22,5	7,19E-10		22,5
2,66E+09																														
3,10E+09	1,70E+08	1,30E+09	6,76E-02	1,51E+09	6,04E-01	1,33E+09	5,32E-01	2,84E+09	9,45	1,135600	0,055225384	-8,05E-02	7,928994	0,90	5,36E+00	-1,50E-02	1,67E+01	71,44335	1,17331	14,90412	-5,2587		-1,70E+09	1,58E+01			15,79881657	7,52E-10		15,79881657
2,24E+09	1,68E+08	1,38E+09																												
1,80E+09	7,60E+07	2,80E+08	3,04E-02	4,10E+08	1,64E-01	9,81E+08	3,92E-01	1,39E+09	9,14	0,556400	-0,254612879	-3,63E-02	4,394737	0,64	1,34E+00	-2,71E-02	2,08E+01	35,51451	1,04920	11,19964	-5,1938		-7,60E+08	1,73E+01			17,30263158	1,02E-09		17,30263158
8,30E+08		3,88E+08																												
6,90E+08	2,30E+07	2,70E+08	1,17E-02	3,05E+08	1,22E-01	4,14E+08	1,66E-01	7,19E+08	8,86	0,287700	-0,541060138	-1,41E-02	9,435897	0,97	1,10E+00	-0,01	5,46E+01	18,84656	1,75572	56,98006	-4,8763		-2,30E+08	2,36E+01			23,58974359			23,58974359
	3,55E+07	2,82E+08																												
	6,50E+06	5,50E+07	2,60E-03	6,15E+07	2,46E-02	1,39E+08	5,56E-02	2,01E+08	8,30	0,080200	-1,095825632	-3,25E-03	8,461538	0,93	2,20E-01			5,97495	2,18237	152,18594	-3,9989			2,98E+01			29,84615385	7,19E-09		29,84615385
1,94E+08																														
	4,80E+06	2,60E+07	1,92E-03	3,02E+07	1,21E-02	1,10E+08	4,38E-02	1,40E+08	8,15	0,055920	-1,252432837	-2,44E-03	5,291667	0,72	1,02E-01			4,46882	2,08172	120,70408	-3,7146			2,81E+01			28,125	9,12E-09		28,125
135000000		2,48E+07																												
6,80E+07	2,70E+06	1,22E+07	1,18E-03	1,52E+07	6,06E-03	5,58E+07	2,23E-02	7,10E+07	7,85	0,028382	-1,546957004	-1,61E-03	4,128596	0,62	4,88E-02			2,76059	2,26711	184,97292	-2,7441			2,30E+01			23,01184433	1,79E-08		23,01184433
	3,21E+06																													
6,90E+06	2,10E+05	1,10E+05	8,40E-05	3,20E+05	1,28E-04	6,79E+06	2,72E-03	7,11E+06	6,85	0,002844	-2,546070408	1,11E-03	0,523810	-0,28	4,40E-04	2,53E+00	1,27E+03	1,17642	2,28524	192,86065	0,0702		-2,10E+06	3,29E+01			32,85714286	1,47E-07		32,85714286
																														
5,60E+06	2,07E+05	2,20E+05	1,14E-04	4,92E+05	1,97E-04	5,39E+06	2,16E-03	5,88E+06	6,77	0,002354	-2,628267345	3,62E-04	0,732394	-0,14	8,32E-04	4,35E-01	1,96E+03	1,14600	2,53094	339,57454	0,2391		-2,07E+06	1,97E+01			19,71830986	1,85E-07		19,71830986
	3,61E+05	1,96E+05																												
3,09E+06	1,90E+05	1,20E+04	6,74E-05	1,81E+05	7,22E-05	3,08E+06	1,23E-03	3,26E+06	6,51	0,001303	-2,884922283	5,68E-05	0,071217	-1,15	4,80E-05	1,18		1,08085	1,76225		0,5425		-1,90E+06	1,83E+01			18,33827893			18,33827893
	147000																													
1,50E+06	5,60E+04	7,10E+03	2,24E-05	6,31E+04	2,52E-05	1,34E+06	5,35E-04	1,40E+06	6,15	0,000560	-3,251501873	5,85E-06	0,126786	-0,90	2,84E-05	0,21	2,10E+03	1,03476	2,37459	236,91179	0,7928			2,40E+01			24,01785714	7,47E-07		24,01785714
1190000																														
7,70E+05	2,99E+04	1,49E+03	1,20E-05	3,14E+04	1,26E-05	7,69E+05	3,07E-04	8,00E+05	5,90	0,000320	-3,494904312	1,64E-06	0,049833	-1,30	5,96E-06	0,28	1,54E+03	1,01985	2,20981	162,10842	0,8793			2,58E+01			25,75250836	1,30E-06		25,75250836
																														
1,50E+05	9,90E+03	2,80E+02	3,96E-06	1,02E+04	4,07E-06	1,50E+05	5,99E-05	1,60E+05	5,20	0,000064	-4,194091545	9,68E-08	0,028283	-1,55	1,12E-06	0,09		1,00397	2,67418		0,9761			1,52E+01			15,15151515	6,68E-06		15,15151515
																														
1,03E+05	4,40E+03	4,00E+01	1,71E-06	4,32E+03	1,73E-06	1,03E+05	4,12E-05	1,07E+05	5,03	0,000043	-4,367421244	2,86E-08	0,009346	-2,03	1,60E-07	0,18		1,00266	2,35589	226,92780	0,9836		-4,40E+04	2,41E+01			24,06542056	9,71E-06		24,06542056
	4160	40																												
2,10E+09	3,50E+07	1,10E+08	1,40E-01	1,64E+09	6,54E-01	1,96E+10	7,85E+00	2,13E+10	10,33	8,500000	0,929418926	-1,66E-01	3,671429	0,56	5,14E-01	-0,32	1,00E-01	528,27057	-0,32981	0,46794	-5,4351		-3,50E+08	5,97E+01			59,71428571	5,10E-11		59,71428571
2,08E+09		1,47E+08																												
4,40E+08	5,60E+06	1,84E+08	2,24E-02	1,90E+09	7,58E-01	2,56E+09	1,02E+00	4,46E+09	9,65	1,782400	0,251005173	-2,66E-02	32,857143	1,52	7,36E-01	-0,04	9,48E-01	111,56554	1,50633	32,08705	-5,3484		-5,60E+07	7,86E+01			78,57142857			78,57142857
																														
9,70E+07	2,20E+06	1,20E+07	8,80E-03	1,61E+08	6,42E-02	8,32E+08	3,33E-01	9,92E+08	9,00	0,396820	-0,401406447	-1,05E-02	6,281179	0,80	5,54E-02			25,61547	1,27612	18,88508	-5,1502			4,40E+01			43,99092971	1,20E-09		43,99092971
	2,21E+06	1,57E+07																												
9,00E+06	1,50E+05	3,20E+05	6,00E-04	4,65E+06	1,86E-03	9,12E+07	3,65E-02	9,59E+07	7,98	0,038342	-1,416325237	-7,73E-04	2,428044	0,39	1,32E-03			3,37842	1,82315	66,55093	-3,4722			6,97E+01			69,74169742	1,10E-08		69,74169742
9,90E+06	1,21E+05	3,38E+05																												
1,00E+05	1,57E+03	2,90E+02	6,28E-06	1,77E+04	7,09E-06	9,98E+05	3,99E-04	1,02E+06	6,01	0,000406	-3,391174556	1,16E-06	0,129299	-0,89	8,12E-07	1,43E+00	2,87E+02	1,02520	2,51042	323,90594	0,8442			6,37E+01			63,69426752	1,00E-06		63,69426752
		1,16E+02																												
1,70E+09	1,49E+08	5,70E+08	5,96E-01	6,32E+09	2,53E+00	1,40E+10	5,59E+00	2,03E+10	10,31	8,116000	0,909342038	-7,06E-01	3,241611	0,51	1,93E+00	-3,65E-01	1,37E-01	504,45035	-0,23650	0,58010	-5,4298		-1,49E+09	1,26E+01			12,61744966	7,16E-11		12,61744966
2,06E+09		3,96E+08																												
3,50E+08	1,29E+07	1,47E+08	5,16E-02	1,60E+09	6,40E-01	1,64E+09	6,54E-01	3,23E+09	9,51	1,293600	0,111800007	-6,13E-02	11,395349	1,06	5,88E-01	-0,10	1,41E+00	81,24438	1,24115	17,42408	-5,2932		-1,29E+08	2,41E+01			24,06976744	6,12E-10		24,06976744
271000000																														
2,70E+07	1,88E+06	5,90E+06	7,52E-03	7,78E+07	3,11E-02	2,15E+08	8,58E-02	2,92E+08	8,47	0,116920	-0,932111193	-9,22E-03	3,138298	0,50	2,36E-02	-0,39	8,84E+00	8,25276	1,56321	36,57690	-4,4284		-1,88E+07	1,45E+01			14,54787234			14,54787234
2,77E+07																														
3,08E+06	1,21E+05	2,17E+05	4,84E-04	3,38E+06	1,35E-03	2,82E+07	1,13E-02	3,16E+07	7,50	0,012644	-1,898115513	-7,76E-04	1,793388	0,25	8,68E-04	-0,89	5,69E+01	1,78433	2,20090	158,81938	-1,6562			2,51E+01			25,12396694	3,54E-08		25,12396694
3,00E+06																														
3,13E+05	2,11E+04	4,20E+03	8,44E-05	2,53E+05	1,01E-04	3,57E+06	1,43E-03	3,83E+06	6,58	0,001530	-2,815195043	9,33E-05	0,199052	-0,70	1,68E-05	5,56	1,16E+02	1,09493	2,14387	139,27521	0,4749			1,71E+01			17,13270142	2,80E-07		17,13270142
4,10E+05																														
4,90E+04	2,49E+03	7,40E+01	9,96E-06	2,63E+04	1,05E-05	4,89E+05	1,96E-04	5,15E+05	5,71	0,000206	-3,685753465	8,35E-07	0,032024	-1,49	3,26E-07	2,56	1,59E+02	1,01279	2,21394	163,65780	0,9227			1,93E+01			19,25343811	2,04E-06		19,25343811
	2,60E+03	8,90E+01																												
																														
																														
																														
																														
